315.98  
316.91  
317.64  
318.45  
318.99  
319.62  
320.04  
321.37  
322.18  
323.05  
324.62  
325.68  
326.32  
327.46  
329.68  
330.19  
331.13  
332.03  
333.84  
335.41  
336.84  
338.76  
340.12  
341.48  
343.15  
344.87  
346.35  
347.61  
349.31  
351.69  
353.20  
354.45  
355.70  
356.54  
357.21  
358.96  
360.97  
362.74  
363.88  
366.84  
368.54  
369.71  
371.32  
373.45  
375.98  
377.70  
379.98  
382.09  
384.02  
385.83  
387.64  
390.10  
391.85  
394.06  
396.74  
398.81  
401.01  
404.41  
406.76  
408.72  
411.65  
414.21  
416.41  
418.53  
421.08  